0,0
0,1
0,2
0.011994395948191659,3
0.012031285841342266,4
0.01097999910046022,5
0.010406777897716105,6
0.010137447374903972,7
0.010137447374903972,8
0.010137447374903972,9
0.010137447374903972,10
0.010137447374903972,11
0.010137447374903972,12
0.010137447374903972,13
0.010137447374903972,14
0.010137447374903972,15
0.010137447374903972,16
0.010137447374903972,17
0.010137447374903972,18
0.010137447374903972,19
0.010137447374903972,20
0.010137447374903972,21
0.010137447374903972,22
0.010137447374903972,23
0.010040578704015934,24
0.01054119308318554,25
0.010647015635271786,26
0.011477147393029501,27
0.011812912036060498,28
0.011791634620484662,29
0.01233991570194302,30
0.0121633879888678,31
0.012051236055673011,32
0.012016852643368126,33
0.012020541016638013,34
0.012634864699037119,35
0.01241353447505747,36
0.012421352629294684,37
0.012410018168102733,38
0.012400029383081886,39
0.012310856268909442,40
0.012118301923882835,41
0.012054641328128713,42
0.012031685051563632,43
0.012000848088189697,44
0.011844785660802645,45
0.011830678934569997,46
0.011820016974833314,47
0.011769777396312742,48
0.011738731799463642,49
0.011682832924567564,50
0.011618893982428408,51
0.011460084614819744,52
0.011433253415100332,53
0.011385708459806687,54
0.011386218384409032,55
0.011215111802555492,56
0.011417665046882157,57
0.011401300489459169,58
0.011143166379822229,59
0.011062430128543185,60
0.011003705433901239,61
0.010799560371071949,62
0.01063912989262985,63
0.010562440583388722,64
0.01068078587065738,65
0.010745543552013384,66
0.010530195598569981,67
0.010590013395522596,68
0.010662190944063612,69
0.010870551448330473,70
0.01088340536964609,71
0.01077832734691267,72
0.010708610993982666,73
0.010674218480457912,74
0.010575402672108672,75
0.010759300532520982,76
0.01073011580496566,77
0.011119592177069594,78
0.011003978067488266,79
0.010863469680725565,80
0.010851622894633605,81
0.010778849548935165,82
0.010681517467670858,83
0.010826758126365178,84
0.010791788101786997,85
0.010892912039270002,86
0.01081749379019706,87
0.01095847458679321,88
0.01095312116589894,89
0.010963914517481995,90
0.010938019662153383,91
0.010908610686843746,92
0.010894948682161945,93
0.011022812299094756,94
0.010980751698286674,95
0.011232247995527024,96
0.011199685807035101,97
0.011227021739073676,98
0.011224407231192378,99
0.011334660437112483,100
0.011303911366243933,101
0.011255137712178023,102
0.011161900609576914,103
0.011117468348608711,104
0.011054688329148736,105
0.010935065118687177,106
0.010863138987484878,107
0.01084537348409787,108
0.011151901947687472,109
0.011285150429381559,110
0.011262352328639733,111
0.011176418545329598,112
0.011145176756221257,113
0.01109863219837828,114
0.01146274019614173,115
0.011449292854026362,116
0.011369620828929013,117
0.011354219319802648,118
0.011292052940838905,119
0.011209751861990412,120
0.011235466708103194,121
0.011115077713178816,122
0.011047982629525418,123
0.011015199962921772,124
0.010952097298601325,125
0.010917703358520308,126
0.010965460291018202,127
0.010913023422341775,128
0.010865278197446471,129
0.010963020674089483,130
0.01096903980705935,131
0.01095099538489957,132
0.011079679955339879,133
0.011070352611697257,134
0.011045476274908421,135
0.011011425768114733,136
0.011088594801073827,137
0.011113460051919672,138
0.011116246258494587,139
0.011244662323743932,140
0.011222445828805425,141
0.01122218241366592,142
0.01122195542770443,143
0.011221752248664727,144
0.011216945474066016,145
0.011216744254869173,146
0.011203435977211657,147
0.011203262110575408,148
0.011200821734127678,149
0.011167925577437872,150
0.011195943673253243,151
0.01119579939930783,152
0.011195656798925513,153
0.011169074184659126,154
0.011141883693610567,155
0.011144866945552686,156
0.011139391935618108,157
0.011139221598332761,158
0.011136941580641746,159
0.01109964526847032,160
0.011076023684717043,161
0.011070768823397895,162
0.011004951842290483,163
0.010988498327076792,164
0.010953890140638552,165
0.010861505547134416,166
0.010861395503498426,167
0.010815948140041687,168
0.01078316272262614,169
0.010780310865104989,170
0.010772177702659872,171
0.010740911664477947,172
0.010726267430159938,173
0.01065200312644357,174
0.010628147804207016,175
0.01062420078643457,176
0.010776446154222174,177
0.010764003710307325,178
0.010728734604519808,179
0.010714758010827271,180
0.010695185979519645,181
0.010688604601032369,182
0.010725791061948726,183
0.010756439356803933,184
0.010811070356020136,185
0.010895929109487069,186
0.010893077828430492,187
0.0108599932558648,188
0.010828968449630856,189
0.01079696749675095,190
0.010919757450559136,191
0.010919819672872795,192
0.010882007157553452,193
0.010868428721812536,194
0.010870520960420172,195
0.010846030426498007,196
0.010978563970100375,197
0.01096119928773997,198
0.010979551110073128,199
0.010966943089765441,200
0.010921276053804704,201
0.01082872535754432,202
0.010818264089227068,203
0.010789790599407384,204
0.010746350427770012,205
0.010711388121261552,206
0.01065718981400551,207
0.01063179087346997,208
0.010583754712792506,209
0.01056083417507132,210
0.010536541305124457,211
0.010506196678707575,212
0.010458729252924166,213
0.010414432524301798,214
0.01038798993071841,215
0.01034753202350599,216
0.01031025054294588,217
0.010248480175616533,218
0.010244257569399375,219
0.01020058130306813,220
0.010112497946474504,221
0.010064412791950406,222
0.01002504613474388,223
0.010018344061205874,224
0.0100600215131212,225
0.0103541234298781,226
0.010349213450591524,227
0.010305231775533713,228
0.010268656383522872,229
0.010180861804254291,230
0.010161824184312187,231
0.010131584125053494,232
0.010111393828331703,233
0.010110711015586122,234
0.010156163274264917,235
0.010130291941220887,236
0.010118935618916731,237
0.010133459633636096,238
0.01013466164433984,239
0.01020989604535467,240
0.010180586391267565,241
0.01015951395179778,242
0.010153237721412764,243
0.010133928491207008,244
0.01010845955316462,245
0.010089942375776154,246
0.01005541064042916,247
0.010033857392134502,248
0.010118155572373526,249
0.010106059694332179,250
0.010109797342379307,251
0.010094557755607582,252
0.010072013690083334,253
0.010025238447483398,254
0.010009403974290846,255
0.010009403974290846,256
0.010009403974290846,257
0.010009403974290846,258
0.010009403974290846,259
0.010009403974290846,260
0.010009403974290846,261
0.010009403974290846,262
0.010009403974290846,263
0.010009403974290846,264
0.010009403974290846,265
0.010009403974290846,266
0.010009403974290846,267
0.010009403974290846,268
0.010009403974290846,269
0.010009403974290846,270
0.010009403974290846,271
0.010009403974290846,272
0.010009403974290846,273
0.010009403974290846,274
0.010009403974290846,275
0.010009403974290846,276
0.010009403974290846,277
0.010009403974290846,278
0.010009403974290846,279
0.010009403974290846,280
0.010009403974290846,281
0.010009403974290846,282
0.010009403974290846,283
0.010009403974290846,284
0.010009403974290846,285
0.010009403974290846,286
0.010009403974290846,287
0.010009403974290846,288
0.010009403974290846,289
0.010009403974290846,290
0.010009403974290846,291
0.010009403974290846,292
0.010009403974290846,293
0.010009403974290846,294
0.010009403974290846,295
0.010009403974290846,296
0.010009403974290846,297
0.010009403974290846,298
0.010009403974290846,299
0.010009403974290846,300
0.010009403974290846,301
0.010009403974290846,302
0.010009403974290846,303
0.010009403974290846,304
0.010009403974290846,305
0.010009403974290846,306
0.010009403974290846,307
0.010009403974290846,308
0.010009403974290846,309
0.010009403974290846,310
0.010009403974290846,311
0.010009403974290846,312
0.010009403974290846,313
0.010009403974290846,314
0.010009403974290846,315
0.010009403974290846,316
0.010009403974290846,317
0.010009403974290846,318
0.010009403974290846,319
0.010009403974290846,320
0.010009403974290846,321
0.010009403974290846,322
0.010009403974290846,323
0.010009403974290846,324
0.010009403974290846,325
0.010009403974290846,326
0.010009403974290846,327
0.010009403974290846,328
0.010009403974290846,329
0.010009403974290846,330
0.010009403974290846,331
0.010009403974290846,332
0.010009403974290846,333
0.010009403974290846,334
0.010009403974290846,335
0.010009403974290846,336
0.010009403974290846,337
0.010009403974290846,338
0.010009403974290846,339
0.010009403974290846,340
0.010009403974290846,341
0.010009403974290846,342
0.010009403974290846,343
0.010009403974290846,344
0.010009403974290846,345
0.010009403974290846,346
0.010009403974290846,347
0.010009403974290846,348
0.010009403974290846,349
0.010009403974290846,350
0.010009403974290846,351
0.010009403974290846,352
0.010009403974290846,353
0.010009403974290846,354
0.010009403974290846,355
0.010009403974290846,356
0.010009403974290846,357
0.010009403974290846,358
0.010009403974290846,359
0.010000987557752344,360
0.010000987557752344,361
0.010060962137203425,362
0.010044883862499038,363
0.01001840235924155,364
0.010009255546335664,365
0.01000473645894851,366
0.01000473645894851,367
0.01000473645894851,368
0.01000473645894851,369
0.01000473645894851,370
0.01000473645894851,371
0.01000473645894851,372
0.01002690114255494,373
0.010026183802913312,374
0.010051184910277853,375
0.010074188215973294,376
0.01010187545744519,377
0.010095368200305745,378
0.010132115508085944,379
0.010131030661861778,380
0.010117237291824382,381
0.010115871983978137,382
0.010115552853388714,383
0.010115252649030772,384
0.010115736414799454,385
0.010115479751021061,386
0.01010856780784764,387
0.010108332763372576,388
0.010108021091374654,389
0.010106980532458417,390
0.010105518056809829,391
0.01010532160202672,392
0.010105130995257363,393
0.01011733966641505,394
0.010114418564156133,395
0.010104595259354256,396
0.010103139435601734,397
0.010102980530484765,398
0.01010282460407382,399
0.010102671869401524,400
0.010090638695273402,401
0.010167753595561145,402
0.010126735685241117,403
0.010087141799202719,404
0.010083093283016112,405
0.010065823226692814,406
0.01004886937084331,407
0.010029625137490759,408
0.010028448418468602,409
0.0100336200979805,410
0.010017130547336517,411
0.010017130547336517,412
0.010017130547336517,413
0.010017130547336517,414
0.010017130547336517,415
0.010017130547336517,416
0.010003275336481519,417
0.010060911785225033,418
0.010060911785225033,419
0.010060911785225033,420
0.010060911785225033,421
0.010012253179039109,422
0.010012166907196257,423
0.010007326903674672,424
0.010007326903674672,425
0.010007326903674672,426
0.010007326903674672,427
0.010007326903674672,428
0.010007326903674672,429
0.010007326903674672,430
0.010007326903674672,431
0.010007326903674672,432
0.010007326903674672,433
0.010007326903674672,434
0.010007326903674672,435
0.010007326903674672,436
0.010007326903674672,437
0.010020834331842515,438
0.01001551891913194,439
0.010015373622475456,440
0.010015268059361725,441
0.01001517768584487,442
0.010014168948814949,443
0.010000289994654432,444
0.010000289994654432,445
0.010000289994654432,446
0.010000289994654432,447
0.010000289994654432,448
0.010000289994654432,449
0.010000289994654432,450
0.010002736795904991,451
0.010026701756864199,452
0.010028430455813902,453
0.01002245764577811,454
0.010055419174855681,455
0.010048219341393664,456
0.01004111229273099,457
0.010036534850755723,458
0.0100417332422269,459
0.010041669879162402,460
0.010035104666239095,461
0.010019083482008336,462
0.010007582489393466,463
0.010007582489393466,464
0.010007582489393466,465
0.010002341131074594,466
0.010002341131074594,467
0.010002341131074594,468
0.010002341131074594,469
0.010002341131074594,470
0.010002341131074594,471
0.010002341131074594,472
0.010002341131074594,473
0.010002341131074594,474
0.010002341131074594,475
0.010002341131074594,476
0.010002341131074594,477
0.010002341131074594,478
0.010002341131074594,479
0.010002341131074594,480
0.010002341131074594,481
0.010002341131074594,482
0.010002341131074594,483
0.010002341131074594,484
0.010002341131074594,485
0.010002341131074594,486
0.010002341131074594,487
0.010002341131074594,488
0.010002341131074594,489
0.010002341131074594,490
0.010002341131074594,491
0.010002341131074594,492
0.010002341131074594,493
0.010002341131074594,494
0.010002341131074594,495
0.010002341131074594,496
0.010002341131074594,497
0.010002341131074594,498
0.010002341131074594,499

--------- RESULTS ---------
[N:500];[%:99.20];[W:496];[S:5840.94];[T:20.03];[C:3.14];[P:20.85];[Player:0:MCTS]
[N:500];[%:0.80];[W:4];[S:713.48];[T:14.84];[C:0.61];[P:0.25];[Player:1:RANDOM]