0,0
0,1
0.04709773087733795,2
0.05601649408910361,3
0.051799007582548906,4
0.04097735352449224,5
0.04067358197186496,6
0.03608051284215155,7
0.03527786479505734,8
0.03481689653280437,9
0.0257014550454375,10
0.02779238041681155,11
0.027957554054160956,12
0.026915601484545856,13
0.02597473268972864,14
0.025335969518696995,15
0.02621503392031192,16
0.02639305515617407,17
0.025186247502517908,18
0.024725985575636236,19
0.02656230798602909,20
0.02701350374872673,21
0.0285295879068867,22
0.02773677452974666,23
0.027429763911404732,24
0.02818851477854236,25
0.02856553857605369,26
0.028316614455039142,27
0.02835087742873538,28
0.029300854056022823,29
0.028440063832282637,30
0.027842794144169666,31
0.028071341620364555,32
0.027747017494313696,33
0.02770736489535267,34
0.02729824736456784,35
0.02745076017110015,36
0.02800059224896749,37
0.02787687499277631,38
0.02818798191804634,39
0.028062125309272663,40
0.02780112304771196,41
0.027453541477554116,42
0.027447798426632537,43
0.027443831222687443,44
0.027457796712658567,45
0.02710038861989996,46
0.027134843323473115,47
0.02670968238678947,48
0.026637765232963916,49
0.026796995374125828,50
0.026817386281874477,51
0.026365387307055264,52
0.02630575239190581,53
0.026098345060560604,54
0.026076226310231772,55
0.025703179301040085,56
0.025953700822556762,57
0.0255400034062267,58
0.025472114893103092,59
0.02525630500853019,60
0.024950031456380063,61
0.025093329942234253,62
0.025093401144069088,63
0.024741983444578407,64
0.02468593395100437,65
0.024448458963390516,66
0.024401155472704543,67
0.02427330091883176,68
0.024421810804593526,69
0.024251426602101542,70
0.024216950420124398,71
0.024136539134906227,72
0.023872226282149595,73
0.023771211566495094,74
0.023737635359959933,75
0.02362195601132737,76
0.023694115510265283,77
0.023600478537122153,78
0.02363733379071385,79
0.02360729701358817,80
0.02339061133835451,81
0.023531591288237487,82
0.023417146429875656,83
0.023553171658345976,84
0.023587480720810346,85
0.023534968161420023,86
0.02353762697116783,87
0.023531538519596232,88
0.02355935568598848,89
0.023532415074906703,90
0.02347394250027177,91
0.023468676373490045,92
0.02347897208131783,93
0.023457639590373423,94
0.023203252469332483,95
0.02318254069045057,96
0.023173910803594704,97
0.023151160884207572,98
0.023001775253572602,99
0.02297191548956626,100
0.02304032151997713,101
0.02301429933096647,102
0.022903504374385923,103
0.022976529826983443,104
0.022798775112881906,105
0.022685792260483617,106
0.022642896256734865,107
0.022716432700214135,108
0.022404885308090674,109
0.022606259900116273,110
0.022709843052408737,111
0.02300852403628833,112
0.02320446738555156,113
0.023243374669721834,114
0.023299269464973675,115
0.023504573224944765,116
0.023266869877457436,117
0.02337534709828967,118
0.02337276427673826,119
0.02355052365220069,120
0.023754992213001123,121
0.0238578908876351,122
0.023942956981121498,123
0.023965661829902656,124
0.02405391940836392,125
0.024105038632276886,126
0.02409139693605506,127
0.02192733986705523,128
0.021962492547605045,129
0.022047806762350488,130
0.022102866900485404,131
0.022234671423235167,132
0.0221143397623689,133
0.022132315930698556,134
0.02206696900469252,135
0.022106268542234988,136
0.0221111616982167,137
0.02211509054194706,138
0.022181012432438675,139
0.022225696285641704,140
0.022397706507822558,141
0.022385831582496272,142
0.022380352340636265,143
0.022349415432277933,144
0.022344617754857365,145
0.022330403719934718,146
0.022264395648346508,147
0.022256230202606052,148
0.0222510983320753,149
0.022248022079228,150
0.022183920989159247,151
0.02211761487859085,152
0.02217773984598136,153
0.022178019635322618,154
0.022189411521719292,155
0.02210717709196818,156
0.022114602530670692,157
0.022146627904061574,158
0.022123004501703375,159
0.022030994161516833,160
0.021962750360825276,161
0.022016152725634064,162
0.021967474406395265,163
0.02199327938568152,164
0.021953031818796005,165
0.022004187846436,166
0.021988283025424594,167
0.02194317837701473,168
0.021928347424473117,169
0.021821312436755603,170
0.02182681829458997,171
0.021985701313383947,172
0.022150448103603747,173
0.02216836520066906,174
0.022161598151816363,175
0.022198679223102428,176
0.022182745908034308,177
0.022218897147927404,178
0.02224895184592839,179
0.022222291154615447,180
0.02217082700966879,181
0.022151244629402687,182
0.02216997360926292,183
0.02223478667864091,184
0.02232148355557551,185
0.02230362371808453,186
0.02228374551125456,187
0.022279016770304107,188
0.02226981171620288,189
0.022268660485830268,190
0.022268707805202022,191
0.02228089483145658,192
0.02225629672099461,193
0.02227602389670449,194
0.022281142007200435,195
0.02227103935356855,196
0.022408491954093952,197
0.022404788872628176,198
0.022400087449896956,199
0.022370216723869674,200
0.022318245794738033,201
0.022296612549960373,202
0.02228715803978548,203
0.02221838409078505,204
0.02221387418397804,205
0.022185324722560146,206
0.022151127795948616,207
0.022148785513802154,208
0.02212627801077526,209
0.02208347280796879,210
0.022071498688548793,211
0.02206754334783967,212
0.022062529554032054,213
0.021995448852915083,214
0.021945648657349315,215
0.021956075615403532,216
0.021934353258512628,217
0.02190803718409883,218
0.021880022910384853,219
0.02187997634420668,220
0.02189215215574356,221
0.02193275477444411,222
0.021887877554027563,223
0.021900890857317525,224
0.02189069218898595,225
0.021860266371467554,226
0.0217827031986881,227
0.021766615028105934,228
0.02176488877833323,229
0.02170408281156525,230
0.021693888908901206,231
0.021693665851983897,232
0.021679918964397613,233
0.02167001580080995,234
0.02166717668807075,235
0.02164740661596096,236
0.02163558627287474,237
0.021664735605682946,238
0.021703642951196776,239
0.02173276215446009,240
0.02175209529042949,241
0.021718533836839804,242
0.021718495194585432,243
0.02171844936864173,244
0.021784720865443807,245
0.021760158888224284,246
0.021741385505346524,247
0.021726715314434326,248
0.02169385661253005,249
0.021685238282164756,250
0.02164133388086956,251
0.02161267857855655,252
0.02154556309231311,253
0.02163677033681438,254
0.021613603323584172,255
0.021581667329480077,256
0.021563816524674543,257
0.02152267150864533,258
0.02149764897544703,259
0.021486665837739477,260
0.021388848288179652,261
0.021298182791556024,262
0.021248727335175074,263
0.021176557819895313,264
0.02119249773311341,265
0.021137124705034788,266
0.02111552379341682,267
0.021077541933420672,268
0.021018097318958224,269
0.0209969097930418,270
0.021086400033312736,271
0.02106152692009046,272
0.021061586919206704,273
0.020981519532540256,274
0.020978947225439432,275
0.020931612997666712,276
0.02091601214639878,277
0.02081676626379678,278
0.020798393007180404,279
0.020750091307084467,280
0.020750094072181282,281
0.02073593590024406,282
0.020764304582764445,283
0.020830821453341725,284
0.020825593766303212,285
0.020866285545572846,286
0.020866400992814938,287
0.02089485214841559,288
0.020972122262749315,289
0.02094974468455893,290
0.02094135899797802,291
0.020989855231796164,292
0.02098513227281481,293
0.020976592738109406,294
0.02097652480589438,295
0.020970680959491415,296
0.0209668613714632,297
0.020955626346555532,298
0.020977982523402283,299
0.020956902263829087,300
0.021002058999548982,301
0.02104280052209152,302
0.02102285285927437,303
0.02102758642486031,304
0.02101727836117394,305
0.021013633028669224,306
0.021054427350123493,307
0.021078105675239368,308
0.0210471368818026,309
0.02104960427198326,310
0.021114550310720976,311
0.021113922712003477,312
0.021086035975853575,313
0.02107873521719873,314
0.02107253851805816,315
0.02106128702258059,316
0.0210206907888924,317
0.021015695485703065,318
0.021004034024597957,319
0.020998184538347456,320
0.021018088932676315,321
0.021008591292284155,322
0.0210322333300308,323
0.02108370092119584,324
0.021071847146187483,325
0.021052991767038384,326
0.021109976901438024,327
0.021136291319942203,328
0.02116690041710388,329
0.021136728005896138,330
0.021135106137222942,331
0.02118794607433072,332
0.021178681315150417,333
0.021160981672743783,334
0.021146593544830845,335
0.02120568097478877,336
0.021287776872191938,337
0.02126735638661833,338
0.021282153027245575,339
0.02125947788370787,340
0.021259576115776824,341
0.021268835121101663,342
0.02126442547713981,343
0.021260219470042578,344
0.021260164896636662,345
0.021193447272417384,346
0.021192812091444923,347
0.0211837174477917,348
0.021181203380425777,349
0.02117847355480376,350
0.02117684904288264,351
0.021181152951682814,352
0.021188260725303616,353
0.021188159170944892,354
0.021185219560187554,355
0.021185285989679954,356
0.021214890234126333,357
0.02119882203670288,358
0.02119629720967465,359
0.021168597025587235,360
0.021163035101546407,361
0.02130240952916673,362
0.021299487569107572,363
0.021351039331259564,364
0.021349579001472996,365
0.021392796272585942,366
0.021388304060467715,367
0.02144905611769792,368
0.02145040521189123,369
0.021446877180351893,370
0.021444408527157753,371
0.02143254105895679,372
0.021415806759102766,373
0.02151402623692979,374
0.021502815193360933,375
0.021482746302115864,376
0.021482584107966222,377
0.021531493347255966,378
0.02152815640862092,379
0.021536505612279645,380
0.02153444568131616,381
0.021528221164172547,382
0.02151690557978888,383
0.02151684394794217,384
0.021516799100101736,385
0.021516476369797255,386
0.021521970620507147,387
0.021491431388017092,388
0.021483848390234896,389
0.021474343865766344,390
0.02145199268044119,391
0.02144049888263406,392
0.021422273530232707,393
0.021411296183974964,394
0.02140489144937771,395
0.021404885353815094,396
0.021441594382363514,397
0.021443819235582123,398
0.021443799888637614,399
0.02144397901550361,400
0.02144037291734657,401
0.021406868780220842,402
0.021387756407332054,403
0.021329126664792187,404
0.021321871132955344,405
0.021333140104692845,406
0.02132087088787767,407
0.021314570651237017,408
0.021298326713172794,409
0.021296116260660188,410
0.02129607826092015,411
0.021252783954955255,412
0.021212026770314887,413
0.021190989538644386,414
0.021187803610644547,415
0.021165614115795175,416
0.021147051176528483,417
0.02112082576021759,418
0.021162285481750198,419
0.021140217358075458,420
0.02114611328878945,421
0.021138817194313427,422
0.021133477048682393,423
0.02110592089695194,424
0.02104092068474115,425
0.021027052875487708,426
0.021069500679506796,427
0.021097006678796344,428
0.02109231688662325,429
0.02108928090897646,430
0.021051080203949087,431
0.02101424820460066,432
0.02101694441967727,433
0.020994562552628847,434
0.020955266495613124,435
0.020943762317390497,436
0.020978580786575832,437
0.020949773768851945,438
0.020962779221011713,439
0.02094969069843053,440
0.020935898344134566,441
0.02090207352307066,442
0.02090114731593433,443
0.02084805184660573,444
0.02082391306688684,445
0.020819164662532322,446
0.020805650330340264,447
0.02080436474121671,448
0.020738509759234396,449
0.020697855108572815,450
0.020723774886286125,451
0.02063044561486266,452
0.020681045446731442,453
0.020667931940615794,454
0.020661558286574677,455
0.02067280020112035,456
0.02067777098358624,457
0.02063327469286084,458
0.020642772932619798,459
0.02064291626127312,460
0.020679252272307814,461
0.020666637407434373,462
0.020666057640892705,463
0.020737826279994494,464
0.02073349739273538,465
0.020732396146068473,466
0.02072144653229859,467
0.020715072352085705,468
0.02072571606759031,469
0.02076193099262558,470
0.020785273358704382,471
0.02078517940990544,472
0.020785095490471087,473
0.020785016914749887,474
0.020789223567895285,475
0.020786969813122655,476
0.020786881338914823,477
0.02084585561548377,478
0.02084577360012216,479
0.020826405942151783,480
0.02081656107921035,481
0.020797784060643944,482
0.02082505748292433,483
0.020811480659121875,484
0.020776398462286107,485
0.02075713522290176,486
0.02072744129154946,487
0.020725721338155083,488
0.020718089288389457,489
0.020690115075356015,490
0.020668387057716876,491
0.020731680210850142,492
0.02070847747863962,493
0.020706618140347487,494
0.020687636332148547,495
0.020682262535616277,496
0.020662938597064903,497
0.020669444179189825,498
0.020673169282467214,499
[N:500];[%:68.80];[W:344];[S:4260.15];[T:17.63];[C:3.06];[P:21.50];[Player:1:SIMPLE]
[N:500];[%:31.20];[W:156];[S:3425.25];[T:18.74];[C:1.39];[P:11.04];[Player:0:OSLA]